73 5 48 
91 16 33 7 82 
40 
12 67 58 94 
3 29 77 10 86 54 
100 8 
61 25 44 98 14 
72 6 31 89 53 20 1 
17 95 
26 62 39 11 84 
57 9 32 45 81 13 70 22 
50 27 66 19 96 35 
73 5 48 
91 16 33 7 82 
40 
12 67 58 94 
3 29 77 10 86 54 
100 8 
61 25 44 98 14 
72 6 31 89 53 20 1 
17 95 
26 62 39 11 84 
57 9 32 45 81 13 70 22 
50 27 66 19 96 35 73 5 48 
91 16 33 7 82 
40 
12 67 58 94 
3 29 77 10 86 54 
100 8 
61 25 44 98 14 
72 6 31 89 53 20 1 
17 95 
26 62 39 11 84 
57 9 32 45 81 13 70 22 
50 27 66 19 96 35 73 5 48 
91 16 33 7 82 
40 
12 67 58 94 
3 29 77 10 86 54 
100 8 
61 25 44 98 14 
72 6 31 89 53 20 1 
17 95 
26 62 39 11 84 
57 9 32 45 81 13 70 22 
50 27 66 19 96 35 73 5 48 
91 16 33 7 82 
40 
12 67 58 94 
3 29 77 10 86 54 
100 8 
61 25 44 98 14 
72 6 31 89 53 20 1 
17 95 
26 62 39 11 84 
57 9 32 45 81 13 70 22 
50 27 66 19 96 35 73 5 48 
91 16 33 7 82 
40 
12 67 58 94 
3 29 77 10 86 54 
100 8 
61 25 44 98 14 
72 6 31 89 53 20 1 
17 95 
26 62 39 11 84 
57 9 32 45 81 13 70 22 
50 27 66 19 96 35 